ticker,tradedate,open,high,low,close,value,volume,boardid
WUSH,2022-12-14 00:00:00,239.0,258.72,157.0,185.4,525018163.29,2824316,TQBR
WUSH,2022-12-15 00:00:00,185.0,188.3,182.64,182.8,184237075.83,1001160,TQBR
WUSH,2022-12-16 00:00:00,182.81,183.98,135.6,155.0,440381101.88,2727321,TQBR
WUSH,2022-12-19 00:00:00,155.0,175.0,145.01,159.13,169676718.96,1042544,TQBR
WUSH,2022-12-20 00:00:00,159.0,168.5,158.0,160.48,37566843.29,229501,TQBR
WUSH,2022-12-21 00:00:00,161.5,171.0,157.0,160.67,63855691.36,390665,TQBR
WUSH,2022-12-22 00:00:00,160.67,162.78,159.0,159.4,18620506.17,116264,TQBR
WUSH,2022-12-23 00:00:00,160.9,161.0,157.6,158.0,11381027.8,71591,TQBR
WUSH,2022-12-26 00:00:00,158.92,172.5,158.52,165.0,99876398.59,602990,TQBR
WUSH,2022-12-27 00:00:00,164.06,169.0,161.6,162.7,20021495.4,122167,TQBR
WUSH,2022-12-28 00:00:00,162.7,168.4,162.7,164.83,13035024.54,78662,TQBR
WUSH,2022-12-29 00:00:00,164.0,168.6,163.24,166.02,17279768.36,104047,TQBR
WUSH,2022-12-30 00:00:00,166.03,170.0,160.0,162.0,22966970.1,140478,TQBR
WUSH,2023-01-03 00:00:00,174.95,174.95,162.51,166.0,20080287.42,118869,TQBR
WUSH,2023-01-04 00:00:00,164.57,166.99,164.0,165.09,8199407.57,49568,TQBR
WUSH,2023-01-05 00:00:00,165.1,166.46,163.65,164.89,4102194.58,24883,TQBR
WUSH,2023-01-06 00:00:00,163.9,165.98,163.33,164.0,3537065.32,21539,TQBR
WUSH,2023-01-09 00:00:00,164.0,165.19,163.05,163.9,6328021.49,38663,TQBR
WUSH,2023-01-10 00:00:00,161.04,171.7,161.04,163.97,24743959.15,148854,TQBR
WUSH,2023-01-11 00:00:00,162.3,164.91,158.47,162.87,19615993.29,121047,TQBR
WUSH,2023-01-12 00:00:00,162.69,164.58,161.5,162.59,8027830.75,49430,TQBR
WUSH,2023-01-13 00:00:00,161.96,169.2,159.0,162.75,11613059.52,70949,TQBR
WUSH,2023-01-16 00:00:00,162.0,164.82,161.9,163.28,7269457.99,44475,TQBR
WUSH,2023-01-17 00:00:00,164.0,166.9,162.1,162.38,14042480.85,85639,TQBR
WUSH,2023-01-18 00:00:00,162.38,164.86,162.11,162.53,8431907.43,51663,TQBR
WUSH,2023-01-19 00:00:00,163.02,163.9,161.51,163.6,9697924.51,59467,TQBR
WUSH,2023-01-20 00:00:00,163.79,164.0,162.27,163.16,3110771.06,19087,TQBR
WUSH,2023-01-23 00:00:00,163.65,163.89,161.64,162.81,5877337.59,36101,TQBR
WUSH,2023-01-24 00:00:00,163.3,163.69,162.36,162.36,5884026.11,36134,TQBR
WUSH,2023-01-25 00:00:00,162.94,162.94,159.02,160.6,14219418.63,88539,TQBR
WUSH,2023-01-26 00:00:00,160.6,161.12,159.32,159.49,6557571.8,40990,TQBR
WUSH,2023-01-27 00:00:00,160.0,160.97,159.02,159.21,6997913.22,43912,TQBR
WUSH,2023-01-30 00:00:00,160.97,165.39,159.21,161.7,37410897.4,230538,TQBR
WUSH,2023-01-31 00:00:00,163.94,163.94,161.71,162.43,11047801.67,68084,TQBR
WUSH,2023-02-01 00:00:00,162.43,163.49,161.7,161.98,7359416.32,45371,TQBR
WUSH,2023-02-02 00:00:00,161.98,162.69,161.0,161.91,11669070.47,72221,TQBR
WUSH,2023-02-03 00:00:00,161.91,162.3,160.1,162.0,10688402.78,66342,TQBR
WUSH,2023-02-06 00:00:00,163.2,186.4,162.01,176.2,226466482.73,1294679,TQBR
WUSH,2023-02-07 00:00:00,183.4,183.4,168.36,171.47,60537806.97,347621,TQBR
WUSH,2023-02-08 00:00:00,172.98,175.74,166.11,171.13,39781665.94,233327,TQBR
WUSH,2023-02-09 00:00:00,171.13,173.76,167.07,168.35,13597316.75,80309,TQBR
WUSH,2023-02-10 00:00:00,168.35,175.0,167.9,169.93,31590331.37,184749,TQBR
WUSH,2023-02-13 00:00:00,172.5,174.99,170.02,172.9,23014648.38,132706,TQBR
WUSH,2023-02-14 00:00:00,174.05,174.34,168.4,170.97,16408769.74,95601,TQBR
WUSH,2023-02-15 00:00:00,171.0,171.98,162.55,164.1,14949422.56,89654,TQBR
WUSH,2023-02-16 00:00:00,162.05,168.66,162.05,164.95,15576244.71,94107,TQBR
WUSH,2023-02-17 00:00:00,171.92,174.2,165.2,166.13,49314792.42,293136,TQBR
WUSH,2023-02-20 00:00:00,166.82,169.49,165.6,166.39,11048779.57,66086,TQBR
WUSH,2023-02-21 00:00:00,166.39,171.85,165.01,168.68,37760052.38,225068,TQBR
WUSH,2023-02-22 00:00:00,168.19,185.0,167.51,171.27,378953807.27,2118285,TQBR
WUSH,2023-02-24 00:00:00,173.5,179.0,172.5,174.45,67126991.56,383177,TQBR
WUSH,2023-02-27 00:00:00,175.65,180.0,174.51,177.7,36272084.42,204727,TQBR
WUSH,2023-02-28 00:00:00,180.0,182.3,177.97,179.46,41268606.02,229342,TQBR
WUSH,2023-03-01 00:00:00,181.34,186.2,179.11,182.4,130784406.99,712166,TQBR
WUSH,2023-03-02 00:00:00,185.0,185.97,177.34,182.71,72796081.32,397213,TQBR
WUSH,2023-03-03 00:00:00,182.7,184.0,180.5,181.0,25569473.99,140382,TQBR
WUSH,2023-03-06 00:00:00,184.14,187.7,181.5,183.29,57539831.94,311773,TQBR
WUSH,2023-03-07 00:00:00,185.0,190.77,182.3,189.03,157206124.76,837432,TQBR
WUSH,2023-03-09 00:00:00,186.41,203.94,186.41,196.69,485077920.1,2444503,TQBR
WUSH,2023-03-10 00:00:00,190.0,203.0,190.0,197.5,188819030.28,947160,TQBR
WUSH,2023-03-13 00:00:00,204.0,204.0,191.0,196.09,80892267.31,408618,TQBR
WUSH,2023-03-14 00:00:00,197.0,199.0,196.0,196.99,44677234.36,226519,TQBR
WUSH,2023-03-15 00:00:00,197.5,198.47,192.5,193.49,35447927.0,181445,TQBR
WUSH,2023-03-16 00:00:00,193.49,197.0,190.0,192.61,54393304.58,281518,TQBR
WUSH,2023-03-17 00:00:00,192.0,196.0,185.0,189.87,66427389.69,347279,TQBR
WUSH,2023-03-20 00:00:00,190.9,198.0,188.7,194.0,72407077.25,374765,TQBR
WUSH,2023-03-21 00:00:00,194.8,195.6,191.5,194.22,46071612.41,237894,TQBR
WUSH,2023-03-22 00:00:00,196.15,196.15,191.0,192.52,37315777.29,193658,TQBR
WUSH,2023-03-23 00:00:00,193.5,199.0,191.98,197.57,82937917.64,422048,TQBR
WUSH,2023-03-24 00:00:00,198.16,199.5,195.6,196.23,52116966.97,263606,TQBR
WUSH,2023-03-27 00:00:00,197.5,206.98,197.04,203.3,213997807.0,1052065,TQBR
WUSH,2023-03-28 00:00:00,203.5,206.0,201.7,202.6,57592109.08,283326,TQBR
WUSH,2023-03-29 00:00:00,204.48,205.0,202.0,202.81,64076746.58,314722,TQBR
WUSH,2023-03-30 00:00:00,204.96,204.96,202.0,202.95,32687502.42,160972,TQBR
WUSH,2023-03-31 00:00:00,203.98,203.98,196.2,201.59,60938635.33,303637,TQBR
WUSH,2023-04-03 00:00:00,202.0,204.5,201.4,202.72,35896253.53,177047,TQBR
WUSH,2023-04-04 00:00:00,200.0,202.71,200.0,201.34,34010079.24,169072,TQBR
WUSH,2023-04-05 00:00:00,199.9,202.1,198.0,201.0,39022550.81,194152,TQBR
WUSH,2023-04-06 00:00:00,200.44,212.79,200.44,211.94,337542371.39,1615601,TQBR
WUSH,2023-04-07 00:00:00,214.0,220.0,207.11,216.51,312053387.07,1445364,TQBR
WUSH,2023-04-10 00:00:00,218.05,238.6,218.05,236.77,599883882.34,2584524,TQBR
WUSH,2023-04-11 00:00:00,238.86,265.32,238.2,260.2,1449404270.49,5666330,TQBR
WUSH,2023-04-12 00:00:00,265.01,275.0,251.5,257.7,670004427.28,2560883,TQBR
WUSH,2023-04-13 00:00:00,258.4,260.79,240.3,243.0,286928414.32,1161921,TQBR
WUSH,2023-04-14 00:00:00,247.5,258.0,247.01,253.55,364961729.17,1445234,TQBR
WUSH,2023-04-17 00:00:00,259.0,262.0,251.0,254.79,253579550.83,994319,TQBR
WUSH,2023-04-18 00:00:00,256.49,256.49,248.16,252.0,120325030.68,476920,TQBR
WUSH,2023-04-19 00:00:00,252.0,253.0,243.0,246.85,166183128.14,673007,TQBR
WUSH,2023-04-20 00:00:00,247.01,247.99,238.43,242.95,131385300.19,543111,TQBR
WUSH,2023-04-21 00:00:00,242.5,246.94,237.0,242.0,123570975.24,509448,TQBR
WUSH,2023-04-24 00:00:00,240.5,245.24,238.51,244.6,80305228.66,329740,TQBR
WUSH,2023-04-25 00:00:00,246.42,246.42,243.0,244.25,44948233.32,183681,TQBR
WUSH,2023-04-26 00:00:00,246.8,253.0,243.14,245.03,242298835.86,977235,TQBR
WUSH,2023-04-27 00:00:00,244.0,245.87,240.0,240.86,96461202.2,399299,TQBR
WUSH,2023-04-28 00:00:00,240.91,241.59,231.77,234.09,127826099.54,543465,TQBR
WUSH,2023-05-02 00:00:00,234.15,235.64,210.01,224.5,191277433.04,857411,TQBR
WUSH,2023-05-03 00:00:00,225.0,226.0,214.6,218.08,157036736.39,718625,TQBR
WUSH,2023-05-04 00:00:00,209.3,223.61,206.0,213.48,102876001.68,474879,TQBR
WUSH,2023-05-05 00:00:00,213.85,218.0,213.54,216.22,54287490.66,251711,TQBR
WUSH,2023-05-08 00:00:00,216.49,217.54,208.55,210.6,45337455.45,214832,TQBR
WUSH,2023-05-10 00:00:00,210.6,223.5,210.0,218.52,91079815.96,416811,TQBR
WUSH,2023-05-11 00:00:00,226.5,230.0,219.0,224.44,124427677.41,554165,TQBR
WUSH,2023-05-12 00:00:00,225.2,225.2,218.78,222.18,42563621.38,192580,TQBR
WUSH,2023-05-15 00:00:00,222.18,233.5,217.09,226.9,173075864.27,755235,TQBR
WUSH,2023-05-16 00:00:00,231.0,232.75,226.05,227.11,76675870.29,335392,TQBR
WUSH,2023-05-17 00:00:00,227.8,229.94,222.21,223.2,67661995.28,302004,TQBR
WUSH,2023-05-18 00:00:00,223.17,224.97,218.4,221.71,56849856.15,256439,TQBR
WUSH,2023-05-19 00:00:00,221.04,221.49,212.6,214.56,104482874.14,484028,TQBR
WUSH,2023-05-22 00:00:00,216.6,225.0,216.0,225.0,140792849.95,638442,TQBR
WUSH,2023-05-23 00:00:00,226.0,230.0,219.5,225.04,74947614.04,335344,TQBR
WUSH,2023-05-24 00:00:00,225.0,227.95,222.23,223.5,54396842.31,242482,TQBR
WUSH,2023-05-25 00:00:00,220.8,225.09,220.8,222.22,34264691.73,153590,TQBR
WUSH,2023-05-26 00:00:00,222.0,223.0,216.2,221.96,36558803.12,165261,TQBR
WUSH,2023-05-29 00:00:00,221.33,225.05,221.22,223.22,62973468.85,281495,TQBR
WUSH,2023-05-30 00:00:00,221.3,222.93,217.0,219.19,75489779.63,342280,TQBR
WUSH,2023-05-31 00:00:00,216.0,217.94,210.59,215.27,103051419.72,480652,TQBR
WUSH,2023-06-01 00:00:00,215.27,217.94,212.73,215.52,51256576.55,239143,TQBR
WUSH,2023-06-02 00:00:00,215.52,216.75,213.0,214.91,41838863.34,194978,TQBR
WUSH,2023-06-05 00:00:00,214.35,220.65,213.5,216.2,90856235.1,418619,TQBR
WUSH,2023-06-06 00:00:00,215.55,218.61,212.25,214.29,34405653.15,160772,TQBR
WUSH,2023-06-07 00:00:00,215.6,216.36,211.05,212.1,88212270.34,412992,TQBR
WUSH,2023-06-08 00:00:00,211.76,213.0,210.71,211.87,33872422.57,159854,TQBR
WUSH,2023-06-09 00:00:00,212.58,213.64,211.01,211.1,37255428.92,176151,TQBR
WUSH,2023-06-13 00:00:00,211.23,214.12,211.16,213.14,41468110.23,194495,TQBR
WUSH,2023-06-14 00:00:00,213.92,214.45,212.5,213.6,28898774.99,135363,TQBR
WUSH,2023-06-15 00:00:00,213.6,224.0,213.18,220.49,228156203.8,1039237,TQBR
WUSH,2023-06-16 00:00:00,221.2,229.2,220.7,223.5,223062653.45,994942,TQBR
WUSH,2023-06-19 00:00:00,225.5,227.0,219.0,223.0,87872576.24,395344,TQBR
WUSH,2023-06-20 00:00:00,226.0,235.95,225.0,232.01,545327951.24,2354820,TQBR
WUSH,2023-06-21 00:00:00,233.2,237.5,232.18,236.52,182799348.19,774723,TQBR
WUSH,2023-06-22 00:00:00,233.68,238.5,232.2,233.22,99548525.78,425135,TQBR
WUSH,2023-06-23 00:00:00,233.0,240.66,224.41,233.0,352196209.7,1500242,TQBR
WUSH,2023-06-26 00:00:00,229.69,232.0,222.89,225.45,132845402.45,585019,TQBR
WUSH,2023-06-27 00:00:00,225.45,227.86,225.34,227.0,44686490.31,197350,TQBR
WUSH,2023-06-28 00:00:00,227.19,233.5,227.0,229.89,94656673.64,409674,TQBR
WUSH,2023-06-29 00:00:00,230.3,234.88,230.0,230.46,98974416.83,425141,TQBR
WUSH,2023-06-30 00:00:00,231.28,235.14,226.86,227.97,111596212.02,484524,TQBR
WUSH,2023-07-03 00:00:00,228.0,230.0,221.02,224.74,104284665.96,464248,TQBR
WUSH,2023-07-04 00:00:00,224.94,224.98,219.6,223.84,75310714.21,339131,TQBR
WUSH,2023-07-05 00:00:00,223.0,223.42,219.8,221.5,61709181.9,278254,TQBR
WUSH,2023-07-06 00:00:00,221.5,222.39,215.4,217.9,95176655.66,436566,TQBR
WUSH,2023-07-07 00:00:00,217.02,222.22,215.36,220.0,73530453.73,335766,TQBR
WUSH,2023-07-10 00:00:00,220.99,223.3,218.39,222.8,52086028.57,235008,TQBR
WUSH,2023-07-11 00:00:00,223.33,223.34,221.38,222.5,31716796.99,142411,TQBR
WUSH,2023-07-12 00:00:00,223.2,234.32,222.56,230.4,334736134.34,1451862,TQBR
WUSH,2023-07-13 00:00:00,230.5,231.98,227.27,229.08,64544033.64,281812,TQBR
WUSH,2023-07-14 00:00:00,231.0,231.0,227.95,229.41,42417501.99,184946,TQBR
WUSH,2023-07-17 00:00:00,229.0,229.5,222.41,228.13,67224662.3,295014,TQBR
WUSH,2023-07-18 00:00:00,228.13,230.46,227.2,229.52,54471901.33,237659,TQBR
WUSH,2023-07-19 00:00:00,232.0,235.46,229.0,230.1,151806730.61,654678,TQBR
WUSH,2023-07-20 00:00:00,231.0,231.69,226.1,226.85,63621932.7,278439,TQBR
WUSH,2023-07-21 00:00:00,228.66,228.86,223.53,226.85,62167304.34,274917,TQBR
WUSH,2023-07-24 00:00:00,228.66,229.0,225.88,226.55,57004746.08,251267,TQBR
WUSH,2023-07-25 00:00:00,226.6,231.41,226.55,230.3,95901145.38,418063,TQBR
WUSH,2023-07-26 00:00:00,231.5,235.0,231.21,234.62,187503684.78,802918,TQBR
WUSH,2023-07-27 00:00:00,235.33,243.99,235.06,241.9,547351254.56,2272933,TQBR
WUSH,2023-07-28 00:00:00,242.89,244.78,238.5,239.92,113701822.42,473247,TQBR
WUSH,2023-07-31 00:00:00,241.14,243.4,235.0,240.0,282405996.35,1172823,TQBR
WUSH,2023-08-01 00:00:00,242.5,243.46,238.04,239.67,149515941.79,618707,TQBR
WUSH,2023-08-02 00:00:00,240.52,241.4,239.12,239.69,94425142.66,393008,TQBR
WUSH,2023-08-03 00:00:00,239.69,240.98,236.2,239.6,96206607.09,402984,TQBR
WUSH,2023-08-04 00:00:00,239.6,246.0,195.0,226.5,313371206.18,1317353,TQBR
WUSH,2023-08-07 00:00:00,231.84,240.8,230.04,236.7,273367553.52,1153269,TQBR
WUSH,2023-08-08 00:00:00,237.11,244.0,230.58,239.78,229942073.55,966944,TQBR
WUSH,2023-08-09 00:00:00,241.5,262.2,239.78,256.0,822164838.48,3249961,TQBR
WUSH,2023-08-10 00:00:00,257.0,257.43,252.5,256.49,193070309.65,756954,TQBR
WUSH,2023-08-11 00:00:00,256.47,260.44,255.74,258.5,205702507.29,796033,TQBR
WUSH,2023-08-14 00:00:00,260.0,267.0,237.15,249.0,379423441.14,1462618,TQBR
WUSH,2023-08-15 00:00:00,248.0,269.86,240.0,259.0,424841272.64,1628903,TQBR
WUSH,2023-08-16 00:00:00,259.0,265.0,245.0,251.9,215555754.7,854758,TQBR
WUSH,2023-08-17 00:00:00,252.33,259.65,246.2,252.12,155896277.32,612753,TQBR
WUSH,2023-08-18 00:00:00,253.0,253.97,247.1,250.0,114732229.48,459410,TQBR
WUSH,2023-08-21 00:00:00,250.74,257.8,249.75,250.84,220428518.99,873716,TQBR
WUSH,2023-08-22 00:00:00,252.64,262.85,251.43,259.01,520048996.78,2014724,TQBR
WUSH,2023-08-23 00:00:00,260.2,265.0,253.7,257.0,306927438.6,1180696,TQBR
WUSH,2023-08-24 00:00:00,257.0,261.0,253.01,258.5,151741763.57,588358,TQBR
WUSH,2023-08-25 00:00:00,258.0,265.0,257.5,259.0,293747599.33,1120516,TQBR
WUSH,2023-08-28 00:00:00,269.98,271.96,257.37,259.6,777853835.29,2969129,TQBR
WUSH,2023-08-29 00:00:00,260.96,263.86,255.25,257.08,271106487.68,1044662,TQBR
WUSH,2023-08-30 00:00:00,257.1,258.0,247.19,248.7,238103902.2,945126,TQBR
WUSH,2023-08-31 00:00:00,248.7,251.2,238.6,241.64,263611690.37,1081798,TQBR
WUSH,2023-09-01 00:00:00,242.35,249.11,242.2,242.81,208539898.05,850931,TQBR
WUSH,2023-09-04 00:00:00,243.0,247.98,238.36,243.99,250508882.14,1026868,TQBR
WUSH,2023-09-05 00:00:00,245.0,245.0,240.11,242.15,159918553.75,661318,TQBR
WUSH,2023-09-06 00:00:00,242.3,242.3,233.27,237.52,175479158.64,739937,TQBR
WUSH,2023-09-07 00:00:00,237.56,238.5,228.07,230.69,141541416.25,607064,TQBR
WUSH,2023-09-08 00:00:00,230.69,233.49,220.2,225.56,171873600.64,766393,TQBR
WUSH,2023-09-11 00:00:00,225.56,226.28,216.87,217.99,122933011.97,559232,TQBR
WUSH,2023-09-12 00:00:00,219.7,229.91,218.96,229.65,131297865.43,585484,TQBR
WUSH,2023-09-13 00:00:00,226.8,229.14,222.93,225.0,67161457.97,297500,TQBR
WUSH,2023-09-14 00:00:00,225.32,225.99,211.84,217.8,158564763.84,728878,TQBR
WUSH,2023-09-15 00:00:00,219.33,224.49,216.84,222.36,69725297.25,315265,TQBR
WUSH,2023-09-18 00:00:00,222.36,223.12,215.65,216.63,86136567.22,391894,TQBR
WUSH,2023-09-19 00:00:00,216.63,216.99,208.3,211.73,125191458.37,591604,TQBR
WUSH,2023-09-20 00:00:00,211.0,215.13,201.28,210.56,217163678.64,1037274,TQBR
WUSH,2023-09-21 00:00:00,210.18,210.34,204.66,207.4,62713554.07,302412,TQBR
WUSH,2023-09-22 00:00:00,207.45,210.6,206.08,210.02,66900619.58,321633,TQBR
WUSH,2023-09-25 00:00:00,210.02,214.72,208.64,209.31,67806164.13,321232,TQBR
WUSH,2023-09-26 00:00:00,209.17,215.13,207.52,209.8,92055898.42,438209,TQBR
WUSH,2023-09-27 00:00:00,209.17,212.5,208.2,209.39,85943431.61,409037,TQBR
WUSH,2023-09-28 00:00:00,210.86,218.67,210.0,214.32,444228694.31,2069006,TQBR
WUSH,2023-09-29 00:00:00,214.32,220.0,212.0,214.13,227217536.61,1053137,TQBR
WUSH,2023-10-02 00:00:00,215.0,217.19,212.49,212.95,112533807.37,523853,TQBR
WUSH,2023-10-03 00:00:00,212.5,215.43,209.13,211.15,205983335.83,972021,TQBR
WUSH,2023-10-04 00:00:00,212.1,212.42,207.5,208.88,75214702.11,359256,TQBR
WUSH,2023-10-05 00:00:00,208.88,210.0,204.2,205.0,86781727.66,422040,TQBR
WUSH,2023-10-06 00:00:00,205.0,206.2,201.5,204.67,56803527.7,279599,TQBR
WUSH,2023-10-09 00:00:00,203.01,210.45,203.01,209.09,87232496.88,418762,TQBR
WUSH,2023-10-10 00:00:00,209.63,212.05,208.09,210.96,51208170.69,243035,TQBR
WUSH,2023-10-11 00:00:00,212.5,224.82,212.01,215.12,811496181.96,3694610,TQBR
WUSH,2023-10-12 00:00:00,213.0,219.27,210.51,215.89,136234495.08,630810,TQBR
WUSH,2023-10-13 00:00:00,216.1,219.22,214.85,217.19,138159357.88,637843,TQBR
WUSH,2023-10-16 00:00:00,220.0,225.62,218.01,225.0,541341202.65,2429170,TQBR
WUSH,2023-10-17 00:00:00,228.35,229.0,216.23,224.94,752739379.31,3370321,TQBR
WUSH,2023-10-18 00:00:00,230.1,232.0,220.01,221.84,680262224.26,3029316,TQBR
WUSH,2023-10-19 00:00:00,221.84,223.0,213.13,218.52,273971943.13,1254342,TQBR
WUSH,2023-10-20 00:00:00,219.29,219.29,216.0,216.4,118199352.41,544418,TQBR
WUSH,2023-10-23 00:00:00,216.4,220.0,213.5,220.0,153200775.28,711516,TQBR
WUSH,2023-10-24 00:00:00,217.12,218.5,215.1,217.2,107878618.65,496587,TQBR
WUSH,2023-10-25 00:00:00,217.7,218.86,216.0,217.55,88140901.33,405152,TQBR
WUSH,2023-10-26 00:00:00,217.56,218.3,214.19,214.19,83699983.51,387459,TQBR
WUSH,2023-10-27 00:00:00,214.19,215.55,208.4,212.1,129134763.19,608241,TQBR
WUSH,2023-10-30 00:00:00,213.1,218.68,210.56,218.68,92436540.96,433306,TQBR
WUSH,2023-10-31 00:00:00,214.99,216.94,212.44,214.5,90942136.2,423914,TQBR
WUSH,2023-11-01 00:00:00,214.0,217.5,213.7,215.93,67514312.56,312950,TQBR
WUSH,2023-11-02 00:00:00,216.89,217.9,214.61,215.0,55937697.03,258147,TQBR
WUSH,2023-11-03 00:00:00,216.18,219.0,212.63,219.0,78648396.68,365398,TQBR
WUSH,2023-11-06 00:00:00,216.0,217.99,215.3,217.7,50854242.78,234880,TQBR
WUSH,2023-11-07 00:00:00,217.75,222.45,215.5,218.55,432648190.71,1974091,TQBR
WUSH,2023-11-08 00:00:00,219.79,221.0,217.41,219.93,175560173.11,800234,TQBR
WUSH,2023-11-09 00:00:00,221.0,221.8,217.75,218.04,132245709.64,603835,TQBR
WUSH,2023-11-10 00:00:00,218.0,220.0,217.44,218.99,118094780.74,539952,TQBR
WUSH,2023-11-13 00:00:00,220.18,229.1,219.26,229.1,377175747.0,1685807,TQBR
WUSH,2023-11-14 00:00:00,221.02,226.0,220.2,223.06,189487351.8,849088,TQBR
WUSH,2023-11-15 00:00:00,228.0,229.0,221.05,225.15,287908884.62,1276597,TQBR
WUSH,2023-11-16 00:00:00,226.31,226.53,223.3,224.07,94686068.48,421717,TQBR
WUSH,2023-11-17 00:00:00,224.06,226.0,219.1,226.0,106327620.86,477501,TQBR
WUSH,2023-11-20 00:00:00,226.0,227.3,225.0,226.74,120143349.75,531080,TQBR
WUSH,2023-11-21 00:00:00,227.8,229.8,226.74,228.7,209512491.46,916474,TQBR
WUSH,2023-11-22 00:00:00,229.05,238.0,228.25,235.6,582583572.08,2492304,TQBR
WUSH,2023-11-23 00:00:00,238.0,241.77,233.06,235.5,485181498.54,2037979,TQBR
WUSH,2023-11-24 00:00:00,235.6,239.7,235.5,237.8,284543013.03,1196535,TQBR
WUSH,2023-11-27 00:00:00,238.42,242.0,226.6,230.94,229303334.84,978352,TQBR
WUSH,2023-11-28 00:00:00,230.15,236.23,221.0,232.8,166791226.9,721859,TQBR
WUSH,2023-11-29 00:00:00,233.0,234.95,229.88,230.3,94021537.48,404781,TQBR
WUSH,2023-11-30 00:00:00,230.51,231.92,222.0,224.15,171080972.84,759132,TQBR
WUSH,2023-12-01 00:00:00,224.68,229.9,222.31,222.6,279899208.39,1236570,TQBR
WUSH,2023-12-04 00:00:00,209.0,219.88,205.0,214.0,405645597.09,1915785,TQBR
WUSH,2023-12-05 00:00:00,214.0,218.0,209.3,214.35,119420698.28,560719,TQBR
WUSH,2023-12-06 00:00:00,214.35,215.55,205.62,207.65,162384980.19,779149,TQBR
WUSH,2023-12-07 00:00:00,206.9,210.0,204.35,209.59,86247455.34,417074,TQBR
WUSH,2023-12-08 00:00:00,210.2,212.59,208.66,209.0,54794668.69,260717,TQBR
WUSH,2023-12-11 00:00:00,209.0,209.99,201.6,205.0,113315559.04,552880,TQBR
WUSH,2023-12-12 00:00:00,207.82,207.82,202.82,205.79,102255543.9,499204,TQBR
WUSH,2023-12-13 00:00:00,205.8,205.8,201.5,201.5,75791554.75,373400,TQBR
WUSH,2023-12-14 00:00:00,202.98,202.99,196.11,196.5,150575030.06,757376,TQBR
WUSH,2023-12-15 00:00:00,196.44,202.94,192.55,201.3,159721807.26,810475,TQBR
WUSH,2023-12-18 00:00:00,202.0,208.98,202.0,208.0,84487074.96,408535,TQBR
WUSH,2023-12-19 00:00:00,210.0,211.0,206.1,206.83,74689631.33,357550,TQBR
WUSH,2023-12-20 00:00:00,207.5,213.03,206.9,211.05,88221328.55,418024,TQBR
WUSH,2023-12-21 00:00:00,212.98,213.8,206.8,207.02,72684316.75,345616,TQBR
WUSH,2023-12-22 00:00:00,208.15,213.0,207.33,211.55,64124387.0,303188,TQBR
WUSH,2023-12-25 00:00:00,212.0,216.68,211.34,213.2,74559411.41,349088,TQBR
WUSH,2023-12-26 00:00:00,213.2,214.13,211.04,212.61,48799541.14,229942,TQBR
WUSH,2023-12-27 00:00:00,213.98,220.39,212.31,219.28,114953263.48,528961,TQBR
WUSH,2023-12-28 00:00:00,219.28,222.0,216.44,216.85,69261610.43,315365,TQBR
WUSH,2023-12-29 00:00:00,217.11,220.75,216.06,217.29,49139915.5,224238,TQBR
WUSH,2024-01-03 00:00:00,220.0,223.43,218.01,223.17,51621104.38,232523,TQBR
WUSH,2024-01-04 00:00:00,223.74,225.68,222.2,223.8,59267105.62,264407,TQBR
WUSH,2024-01-05 00:00:00,224.67,224.67,219.16,222.6,56479166.99,254657,TQBR
WUSH,2024-01-08 00:00:00,222.6,224.58,221.52,222.88,25729883.53,115395,TQBR
WUSH,2024-01-09 00:00:00,222.89,223.8,221.62,223.66,54122602.67,242567,TQBR
WUSH,2024-01-10 00:00:00,223.83,226.14,222.9,222.9,108460339.05,483118,TQBR
WUSH,2024-01-11 00:00:00,223.69,223.69,219.3,221.48,85044958.32,384352,TQBR
WUSH,2024-01-12 00:00:00,222.42,223.7,220.94,221.39,67898154.91,306170,TQBR
WUSH,2024-01-15 00:00:00,223.3,223.3,220.11,220.5,75380892.65,340916,TQBR
WUSH,2024-01-16 00:00:00,220.84,221.9,218.0,220.93,56580807.93,257151,TQBR
WUSH,2024-01-17 00:00:00,220.93,242.0,220.93,230.76,808748406.08,3471521,TQBR
WUSH,2024-01-18 00:00:00,231.54,248.0,228.23,235.06,1559359673.05,6451496,TQBR
WUSH,2024-01-19 00:00:00,235.1,244.6,232.6,232.6,576474404.7,2428634,TQBR
WUSH,2024-01-22 00:00:00,235.17,239.8,234.33,238.24,232518980.93,982728,TQBR
WUSH,2024-01-23 00:00:00,238.44,244.59,236.18,243.75,329659634.69,1366147,TQBR
WUSH,2024-01-24 00:00:00,244.78,249.0,241.25,248.59,487084633.8,1977958,TQBR
WUSH,2024-01-25 00:00:00,248.79,254.3,242.5,244.2,367508847.6,1478885,TQBR
WUSH,2024-01-26 00:00:00,247.0,249.83,243.15,244.83,131438883.33,533505,TQBR
WUSH,2024-01-29 00:00:00,244.83,246.9,243.73,245.16,88137794.7,359320,TQBR
WUSH,2024-01-30 00:00:00,245.16,245.16,240.1,241.74,110168585.95,454528,TQBR
WUSH,2024-01-31 00:00:00,242.0,248.0,240.68,246.83,350675853.01,1430323,TQBR
WUSH,2024-02-01 00:00:00,246.87,249.42,242.0,247.1,163110680.4,660553,TQBR
WUSH,2024-02-02 00:00:00,248.42,260.0,245.01,252.5,553710423.46,2193101,TQBR
WUSH,2024-02-05 00:00:00,253.58,261.0,253.52,256.71,392374463.34,1523162,TQBR
WUSH,2024-02-06 00:00:00,258.15,258.94,254.0,256.26,166650854.78,652040,TQBR
WUSH,2024-02-07 00:00:00,258.0,264.88,256.51,263.36,476145833.09,1819557,TQBR
WUSH,2024-02-08 00:00:00,263.5,265.0,255.57,257.47,266740345.1,1027082,TQBR
WUSH,2024-02-09 00:00:00,257.42,257.5,252.01,254.98,156103761.93,611361,TQBR
WUSH,2024-02-12 00:00:00,254.99,257.7,254.0,254.0,110544462.7,431795,TQBR
WUSH,2024-02-13 00:00:00,254.98,257.6,254.11,257.09,96361745.59,375875,TQBR
WUSH,2024-02-14 00:00:00,257.22,262.79,257.22,258.6,200188719.31,768582,TQBR
WUSH,2024-02-15 00:00:00,259.02,263.85,257.01,263.48,201484489.14,769518,TQBR
WUSH,2024-02-16 00:00:00,264.23,267.85,258.01,260.29,246878049.38,933855,TQBR
WUSH,2024-02-19 00:00:00,263.18,266.0,262.08,263.08,151701991.01,573800,TQBR
WUSH,2024-02-20 00:00:00,264.0,264.35,257.2,257.55,132795404.51,510770,TQBR
WUSH,2024-02-21 00:00:00,255.0,256.56,245.87,252.11,242932641.69,966365,TQBR
WUSH,2024-02-22 00:00:00,252.11,257.28,251.52,255.37,84857734.56,333392,TQBR
WUSH,2024-02-26 00:00:00,258.01,268.0,258.01,268.0,272994309.75,1031996,TQBR
WUSH,2024-02-27 00:00:00,268.0,273.98,265.75,266.05,247832988.55,923436,TQBR
WUSH,2024-02-28 00:00:00,266.9,269.65,264.8,266.81,140791507.39,527732,TQBR
WUSH,2024-02-29 00:00:00,266.81,268.62,265.95,268.2,81942726.67,306825,TQBR
WUSH,2024-03-01 00:00:00,268.0,281.72,267.7,274.92,462211681.09,1681345,TQBR
WUSH,2024-03-04 00:00:00,277.53,293.76,277.24,283.77,887652626.65,3091164,TQBR
WUSH,2024-03-05 00:00:00,283.8,288.3,279.01,285.5,495155987.89,1736074,TQBR
WUSH,2024-03-06 00:00:00,286.64,289.4,283.01,284.6,168374729.26,589897,TQBR
WUSH,2024-03-07 00:00:00,285.46,285.58,282.0,282.1,123211413.45,434671,TQBR
WUSH,2024-03-11 00:00:00,283.74,284.84,281.41,282.0,96015093.53,340137,TQBR
WUSH,2024-03-12 00:00:00,282.81,283.42,278.16,279.8,95682747.9,340927,TQBR
WUSH,2024-03-13 00:00:00,279.9,288.5,277.75,285.51,341986094.66,1198232,TQBR
WUSH,2024-03-14 00:00:00,285.5,287.5,280.2,280.5,240973506.32,851820,TQBR
WUSH,2024-03-15 00:00:00,280.85,286.35,280.51,284.1,137704566.43,484173,TQBR
WUSH,2024-03-18 00:00:00,285.36,300.0,283.0,299.4,883559018.12,3002905,TQBR
WUSH,2024-03-19 00:00:00,300.26,314.9,297.62,312.98,1619963582.77,5262224,TQBR
WUSH,2024-03-20 00:00:00,314.37,350.0,314.0,333.06,4218921329.25,12633223,TQBR
WUSH,2024-03-21 00:00:00,336.86,343.62,316.35,328.13,2391124832.46,7290763,TQBR
WUSH,2024-03-22 00:00:00,329.0,331.72,312.0,320.98,641523494.3,1996533,TQBR
WUSH,2024-03-25 00:00:00,324.7,340.0,324.63,337.48,1452434604.77,4346247,TQBR
WUSH,2024-03-26 00:00:00,342.98,346.0,327.05,330.9,1586589431.08,4728298,TQBR
WUSH,2024-03-27 00:00:00,336.0,337.5,321.5,327.99,1125570383.78,3416995,TQBR
WUSH,2024-03-28 00:00:00,328.0,328.31,320.0,326.0,485249928.14,1498947,TQBR
WUSH,2024-03-29 00:00:00,327.99,327.99,320.1,323.5,352590424.99,1088536,TQBR
WUSH,2024-04-01 00:00:00,324.63,325.48,316.23,318.0,633161461.2,1979140,TQBR
WUSH,2024-04-02 00:00:00,318.0,318.39,309.8,311.2,657775136.26,2106641,TQBR
WUSH,2024-04-03 00:00:00,308.77,323.32,306.3,322.91,904946493.3,2832022,TQBR
WUSH,2024-04-04 00:00:00,323.22,323.23,316.2,318.47,368690648.24,1154494,TQBR
WUSH,2024-04-05 00:00:00,319.47,319.47,313.4,314.7,318276391.19,1008747,TQBR
WUSH,2024-04-08 00:00:00,317.5,320.8,316.6,318.99,366499147.43,1148997,TQBR
WUSH,2024-04-09 00:00:00,320.73,323.0,314.1,317.98,438696051.15,1372093,TQBR
WUSH,2024-04-10 00:00:00,320.0,320.98,314.55,318.35,195142898.61,613756,TQBR
WUSH,2024-04-11 00:00:00,318.35,319.5,314.97,316.75,128740455.48,406396,TQBR
WUSH,2024-04-12 00:00:00,316.8,320.67,315.4,316.77,227780478.48,716631,TQBR
WUSH,2024-04-15 00:00:00,317.0,318.94,314.33,315.19,149056848.2,471813,TQBR
WUSH,2024-04-16 00:00:00,315.55,322.41,314.23,318.0,497460012.59,1562025,TQBR
WUSH,2024-04-17 00:00:00,318.05,321.0,312.16,319.12,620176189.61,1957658,TQBR
WUSH,2024-04-18 00:00:00,319.56,321.8,315.5,318.0,252501957.37,791238,TQBR
WUSH,2024-04-19 00:00:00,318.8,319.89,316.26,317.28,125708395.6,395156,TQBR
WUSH,2024-04-22 00:00:00,316.32,318.8,313.39,314.94,173915232.7,550543,TQBR
WUSH,2024-04-23 00:00:00,315.15,315.8,303.6,306.17,339659981.2,1097956,TQBR
WUSH,2024-04-24 00:00:00,307.07,309.54,300.02,301.13,313146678.28,1035092,TQBR
WUSH,2024-04-25 00:00:00,301.13,318.29,301.12,315.55,913360213.64,2920964,TQBR
WUSH,2024-04-26 00:00:00,317.4,322.3,315.5,319.62,703187572.52,2199691,TQBR
WUSH,2024-04-27 00:00:00,320.0,321.0,313.0,315.38,168210780.77,531263,TQBR
WUSH,2024-04-29 00:00:00,314.08,315.0,304.61,308.88,340423649.48,1097340,TQBR
WUSH,2024-04-30 00:00:00,310.39,312.71,305.37,305.86,159785870.47,519268,TQBR
WUSH,2024-05-02 00:00:00,306.61,312.0,306.04,306.94,171687037.25,554599,TQBR
WUSH,2024-05-03 00:00:00,308.45,311.7,305.0,305.87,197020875.44,640506,TQBR
WUSH,2024-05-06 00:00:00,306.99,306.99,302.2,302.33,104933837.44,345029,TQBR
WUSH,2024-05-07 00:00:00,302.4,308.6,301.01,304.79,148627964.2,486847,TQBR
WUSH,2024-05-08 00:00:00,305.87,308.6,304.26,304.88,73766804.82,240767,TQBR
WUSH,2024-05-10 00:00:00,304.67,307.8,304.5,304.58,44162801.33,144447,TQBR
WUSH,2024-05-13 00:00:00,304.88,307.61,303.07,304.33,127287309.34,417041,TQBR
WUSH,2024-05-14 00:00:00,305.0,323.5,302.8,322.8,957881208.39,3031203,TQBR
WUSH,2024-05-15 00:00:00,324.7,326.32,307.2,314.62,1307109106.1,4106462,TQBR
WUSH,2024-05-16 00:00:00,316.39,318.97,312.0,313.08,215820738.92,683829,TQBR
WUSH,2024-05-17 00:00:00,313.08,318.99,312.81,313.91,448854350.46,1422680,TQBR
WUSH,2024-05-20 00:00:00,316.2,318.0,305.0,307.5,433073164.53,1394278,TQBR
WUSH,2024-05-21 00:00:00,301.01,310.8,298.2,307.99,441524715.24,1451146,TQBR
WUSH,2024-05-22 00:00:00,308.93,314.69,308.0,312.55,198541795.2,635652,TQBR
WUSH,2024-05-23 00:00:00,312.55,313.16,308.2,309.0,117192424.98,377620,TQBR
WUSH,2024-05-24 00:00:00,309.0,310.0,303.0,304.41,133158976.52,434672,TQBR
WUSH,2024-05-27 00:00:00,305.1,306.15,282.01,288.01,506114587.82,1737929,TQBR
WUSH,2024-05-28 00:00:00,290.0,296.56,272.04,288.26,391557836.21,1345662,TQBR
WUSH,2024-05-29 00:00:00,289.0,294.41,283.22,291.64,133216261.74,462567,TQBR
WUSH,2024-05-30 00:00:00,293.0,295.64,284.0,284.52,164797494.18,569321,TQBR
WUSH,2024-05-31 00:00:00,285.01,289.1,261.0,271.74,363453612.8,1323353,TQBR
WUSH,2024-06-03 00:00:00,273.0,278.1,262.14,276.73,229771019.53,849802,TQBR
WUSH,2024-06-04 00:00:00,277.2,296.59,276.5,294.35,312524803.32,1085442,TQBR
WUSH,2024-06-05 00:00:00,296.0,311.27,295.73,299.3,557684568.4,1832429,TQBR
WUSH,2024-06-06 00:00:00,299.1,308.19,296.0,299.01,245605266.66,810750,TQBR
WUSH,2024-06-07 00:00:00,300.2,310.04,300.1,305.03,292368559.61,953000,TQBR
WUSH,2024-06-10 00:00:00,306.66,310.0,300.0,303.94,180860592.34,590147,TQBR
WUSH,2024-06-11 00:00:00,305.0,308.12,300.13,305.81,139900942.55,459264,TQBR
WUSH,2024-06-13 00:00:00,289.98,307.04,270.0,306.23,192266367.5,640546,TQBR
WUSH,2024-06-14 00:00:00,307.04,308.99,304.79,306.23,107780243.48,350843,TQBR
WUSH,2024-06-17 00:00:00,308.42,310.95,300.07,301.0,161929154.24,529612,TQBR
WUSH,2024-06-18 00:00:00,301.0,301.0,290.82,292.0,186805894.2,631118,TQBR
WUSH,2024-06-19 00:00:00,293.0,293.71,276.29,287.7,274978002.17,964492,TQBR
WUSH,2024-06-20 00:00:00,287.0,289.03,273.65,286.66,567339274.81,2007289,TQBR
WUSH,2024-06-21 00:00:00,286.0,292.0,282.66,287.46,283723544.98,988252,TQBR
WUSH,2024-06-24 00:00:00,288.97,290.85,283.52,284.14,105534148.91,367652,TQBR
WUSH,2024-06-25 00:00:00,284.67,290.0,280.02,289.6,203559425.63,710396,TQBR
WUSH,2024-06-26 00:00:00,290.85,296.76,289.04,292.0,178108262.93,607550,TQBR
WUSH,2024-06-27 00:00:00,292.02,295.84,290.51,294.98,110838682.48,377565,TQBR
WUSH,2024-06-28 00:00:00,295.0,297.0,293.01,293.06,101185002.75,342736,TQBR
WUSH,2024-07-01 00:00:00,295.06,297.5,293.51,295.38,94009291.53,317706,TQBR
WUSH,2024-07-02 00:00:00,298.0,298.62,295.82,297.35,115237100.38,387593,TQBR
WUSH,2024-07-03 00:00:00,297.35,297.95,287.0,288.5,167740665.22,576013,TQBR
WUSH,2024-07-04 00:00:00,289.0,289.0,280.07,281.5,144773323.85,509342,TQBR
WUSH,2024-07-05 00:00:00,280.3,282.7,275.0,278.85,128183822.5,461170,TQBR
WUSH,2024-07-08 00:00:00,280.0,282.57,272.72,275.3,179696778.03,646961,TQBR
WUSH,2024-07-09 00:00:00,275.0,278.28,267.68,268.42,108442291.98,399836,TQBR
WUSH,2024-07-10 00:00:00,267.7,268.42,257.0,259.84,188608018.74,719789,TQBR
WUSH,2024-07-11 00:00:00,257.54,275.47,257.54,274.97,203754582.19,750951,TQBR
WUSH,2024-07-12 00:00:00,275.0,277.93,274.0,274.2,108529605.74,395271,TQBR
WUSH,2024-07-15 00:00:00,274.2,276.95,268.72,271.99,92304069.19,338728,TQBR
WUSH,2024-07-16 00:00:00,272.0,272.27,260.06,265.63,159725905.87,603719,TQBR
WUSH,2024-07-17 00:00:00,265.62,269.65,262.0,264.73,87679743.2,328179,TQBR
WUSH,2024-07-18 00:00:00,268.7,273.0,264.82,271.16,46283131.01,171651,TQBR
WUSH,2024-07-19 00:00:00,272.47,273.82,267.0,269.1,126223688.78,467693,TQBR
WUSH,2024-07-22 00:00:00,268.97,273.44,266.0,269.48,231272957.09,861239,TQBR
WUSH,2024-07-23 00:00:00,269.75,270.0,263.5,264.73,100635191.6,377672,TQBR
WUSH,2024-07-24 00:00:00,262.32,266.54,261.37,264.0,79719431.18,301838,TQBR
WUSH,2024-07-25 00:00:00,264.24,265.05,261.02,262.57,71613014.55,272542,TQBR
WUSH,2024-07-26 00:00:00,262.55,264.99,252.08,254.81,183445312.94,708757,TQBR
WUSH,2024-07-29 00:00:00,254.81,254.81,234.22,236.7,341053326.33,1407869,TQBR
WUSH,2024-07-30 00:00:00,236.7,242.76,236.19,240.59,101671149.02,423577,TQBR
WUSH,2024-07-31 00:00:00,242.04,244.49,238.0,241.1,115296523.8,477546,TQBR
WUSH,2024-08-01 00:00:00,241.2,241.65,232.88,234.1,120242618.85,506488,TQBR
WUSH,2024-08-02 00:00:00,234.74,234.74,225.0,225.32,263949009.75,1156940,TQBR
WUSH,2024-08-05 00:00:00,221.0,222.9,215.11,217.35,200278094.99,915389,TQBR
WUSH,2024-08-06 00:00:00,220.0,225.48,218.04,221.22,170849150.6,769678,TQBR
WUSH,2024-08-07 00:00:00,221.52,225.2,215.11,225.18,220343029.96,995189,TQBR
WUSH,2024-08-08 00:00:00,225.5,234.79,224.91,228.65,331470414.73,1435095,TQBR
WUSH,2024-08-09 00:00:00,228.2,238.65,227.5,233.92,260575255.64,1110272,TQBR
WUSH,2024-08-12 00:00:00,233.47,236.5,230.0,233.82,158830014.73,678033,TQBR
WUSH,2024-08-13 00:00:00,236.99,265.34,233.61,256.76,1618117791.05,6356028,TQBR
WUSH,2024-08-14 00:00:00,255.0,258.22,243.0,245.1,704821787.47,2825517,TQBR
WUSH,2024-08-15 00:00:00,245.2,252.0,239.21,243.47,410589333.47,1676951,TQBR
WUSH,2024-08-16 00:00:00,244.5,247.1,236.99,238.55,263106126.38,1085942,TQBR
WUSH,2024-08-19 00:00:00,240.0,242.7,230.0,232.95,297897953.52,1262797,TQBR
WUSH,2024-08-20 00:00:00,233.1,235.3,226.0,227.88,213384533.02,925556,TQBR
WUSH,2024-08-21 00:00:00,228.0,231.0,226.0,229.99,147211967.24,643894,TQBR
WUSH,2024-08-22 00:00:00,231.2,231.2,216.0,222.23,289025503.47,1297592,TQBR
WUSH,2024-08-23 00:00:00,217.04,222.77,203.0,214.0,451463932.55,2129936,TQBR
WUSH,2024-08-26 00:00:00,222.5,234.71,220.0,230.0,499211125.69,2199600,TQBR
WUSH,2024-08-27 00:00:00,227.64,227.64,210.83,211.26,570910765.47,2603821,TQBR
WUSH,2024-08-28 00:00:00,210.65,210.65,195.02,199.35,430548118.53,2142556,TQBR
WUSH,2024-08-29 00:00:00,200.15,208.78,197.02,203.02,304146462.62,1482548,TQBR
WUSH,2024-08-30 00:00:00,203.0,208.0,199.79,200.29,151068777.05,744737,TQBR
WUSH,2024-09-02 00:00:00,200.29,201.19,185.26,188.08,278674099.66,1466216,TQBR
WUSH,2024-09-03 00:00:00,188.4,191.99,180.6,185.17,220733366.62,1176613,TQBR
WUSH,2024-09-04 00:00:00,185.17,197.6,183.88,195.6,174411476.32,912680,TQBR
WUSH,2024-09-05 00:00:00,196.44,208.0,191.82,194.51,266380360.37,1339508,TQBR
WUSH,2024-09-06 00:00:00,194.51,201.88,192.26,197.3,145645542.32,738770,TQBR
WUSH,2024-09-09 00:00:00,199.0,207.91,198.01,204.96,261009933.04,1280127,TQBR
WUSH,2024-09-10 00:00:00,207.0,207.0,197.3,199.39,116110664.26,574843,TQBR
WUSH,2024-09-11 00:00:00,199.0,201.11,190.05,190.27,76736503.58,391816,TQBR
WUSH,2024-09-12 00:00:00,190.74,195.11,187.44,193.06,98744317.66,515132,TQBR
WUSH,2024-09-13 00:00:00,193.06,193.95,186.84,192.21,159725800.59,834602,TQBR
WUSH,2024-09-16 00:00:00,195.0,203.5,193.11,201.24,180446527.3,910039,TQBR
WUSH,2024-09-17 00:00:00,202.5,203.2,198.32,201.83,127412810.87,633047,TQBR
WUSH,2024-09-18 00:00:00,202.8,216.09,202.31,205.77,648304173.1,3094745,TQBR
WUSH,2024-09-19 00:00:00,205.8,217.94,205.8,215.68,705645317.66,3295005,TQBR
WUSH,2024-09-20 00:00:00,217.06,217.4,211.0,212.6,197823769.11,922344,TQBR
WUSH,2024-09-23 00:00:00,215.28,217.33,212.05,212.92,359013002.81,1670700,TQBR
WUSH,2024-09-24 00:00:00,213.9,214.9,207.3,210.36,179158089.73,850821,TQBR
WUSH,2024-09-25 00:00:00,211.15,212.25,205.51,206.0,123868534.11,592310,TQBR
WUSH,2024-09-26 00:00:00,205.99,206.72,198.48,200.65,339604545.86,1687692,TQBR
WUSH,2024-09-27 00:00:00,202.74,207.76,200.31,201.73,163855031.06,803703,TQBR
WUSH,2024-09-30 00:00:00,205.2,209.64,202.52,204.1,167819659.74,811608,TQBR
WUSH,2024-10-01 00:00:00,203.6,204.1,200.72,202.64,109160544.85,540054,TQBR
WUSH,2024-10-02 00:00:00,203.6,205.11,198.0,200.35,144035025.9,716150,TQBR
WUSH,2024-10-03 00:00:00,198.6,200.55,192.5,196.9,354702677.29,1816814,TQBR
WUSH,2024-10-04 00:00:00,197.86,200.8,196.36,196.45,89058546.14,447574,TQBR
WUSH,2024-10-07 00:00:00,198.9,201.88,193.08,193.67,130705409.92,664304,TQBR
WUSH,2024-10-08 00:00:00,195.0,195.38,190.44,191.92,83587722.72,433553,TQBR
WUSH,2024-10-09 00:00:00,193.19,195.5,189.8,192.0,105989492.22,551016,TQBR
WUSH,2024-10-10 00:00:00,192.45,193.34,188.15,188.83,96956951.34,510536,TQBR
WUSH,2024-10-11 00:00:00,189.1,189.55,181.94,183.89,123306823.88,663017,TQBR
WUSH,2024-10-14 00:00:00,183.6,188.4,180.94,185.0,147727540.13,800799,TQBR
WUSH,2024-10-15 00:00:00,186.0,193.36,183.07,189.82,195772634.14,1035561,TQBR
WUSH,2024-10-16 00:00:00,190.8,195.0,186.48,187.03,197763504.09,1036103,TQBR
WUSH,2024-10-17 00:00:00,187.05,187.87,180.0,181.31,195497053.57,1069044,TQBR
WUSH,2024-10-18 00:00:00,179.2,179.7,172.0,172.11,262132915.11,1497046,TQBR
WUSH,2024-10-21 00:00:00,172.11,174.81,164.01,166.48,361098771.91,2143520,TQBR
WUSH,2024-10-22 00:00:00,167.5,167.73,161.7,163.88,259799893.39,1579007,TQBR
WUSH,2024-10-23 00:00:00,163.9,164.25,159.0,159.15,108325066.75,670026,TQBR
WUSH,2024-10-24 00:00:00,159.15,167.88,156.37,163.66,266183876.54,1641056,TQBR
WUSH,2024-10-25 00:00:00,164.0,169.8,159.8,162.19,224740780.68,1366760,TQBR
WUSH,2024-10-28 00:00:00,157.8,161.34,157.59,159.65,88102188.73,552217,TQBR
WUSH,2024-10-29 00:00:00,159.52,168.78,157.0,167.6,134518061.42,827681,TQBR
WUSH,2024-10-30 00:00:00,166.5,168.49,162.7,162.71,77489022.25,466255,TQBR
WUSH,2024-10-31 00:00:00,162.51,165.29,160.1,161.74,49859395.0,305717,TQBR
WUSH,2024-11-01 00:00:00,160.64,165.0,158.64,162.37,85426223.95,525285,TQBR
WUSH,2024-11-02 00:00:00,163.17,165.31,162.1,164.19,25575138.02,156492,TQBR
WUSH,2024-11-05 00:00:00,164.4,168.3,160.68,161.94,112054525.82,679787,TQBR
WUSH,2024-11-06 00:00:00,164.15,166.02,161.7,163.67,58955162.3,358813,TQBR
WUSH,2024-11-07 00:00:00,164.0,167.98,162.08,167.1,70521532.98,427782,TQBR
WUSH,2024-11-08 00:00:00,168.5,171.85,164.37,169.3,197848110.15,1179327,TQBR
WUSH,2024-11-11 00:00:00,171.0,180.13,171.0,172.94,486260708.09,2775627,TQBR
WUSH,2024-11-12 00:00:00,172.95,177.58,170.14,171.01,201147202.99,1155446,TQBR
WUSH,2024-11-13 00:00:00,171.0,172.95,165.7,167.04,103054273.94,609191,TQBR
WUSH,2024-11-14 00:00:00,167.05,167.81,162.01,163.2,82772873.85,503673,TQBR
WUSH,2024-11-15 00:00:00,163.01,170.89,162.81,169.06,241760559.04,1436071,TQBR
WUSH,2024-11-18 00:00:00,166.3,167.85,162.5,164.51,121244918.63,734004,TQBR
WUSH,2024-11-19 00:00:00,165.3,165.3,157.05,159.5,135473510.98,844925,TQBR
WUSH,2024-11-20 00:00:00,160.0,161.2,157.11,158.95,95715190.04,601022,TQBR
WUSH,2024-11-21 00:00:00,160.02,160.98,156.21,159.3,120855295.45,763578,TQBR
WUSH,2024-11-22 00:00:00,159.99,160.32,156.05,156.16,60585185.19,384731,TQBR
WUSH,2024-11-25 00:00:00,153.99,154.71,146.55,149.5,242055637.0,1611673,TQBR
WUSH,2024-11-26 00:00:00,151.0,152.21,135.54,141.77,359552756.32,2520718,TQBR
WUSH,2024-11-27 00:00:00,142.0,148.8,127.94,140.02,711928335.61,5217973,TQBR
WUSH,2024-11-28 00:00:00,143.0,143.0,136.18,140.3,206655020.5,1479524,TQBR
WUSH,2024-11-29 00:00:00,140.3,145.0,139.47,140.34,132072688.65,926570,TQBR
WUSH,2024-12-02 00:00:00,141.2,150.77,141.0,148.29,162354328.23,1112274,TQBR
WUSH,2024-12-03 00:00:00,148.56,150.0,144.61,147.5,127233095.18,866779,TQBR
WUSH,2024-12-04 00:00:00,147.6,152.0,140.0,143.54,134844961.72,918952,TQBR
WUSH,2024-12-05 00:00:00,143.54,148.63,140.42,146.72,129830772.63,898542,TQBR
WUSH,2024-12-06 00:00:00,145.0,148.98,143.05,145.62,129019941.53,882052,TQBR
WUSH,2024-12-09 00:00:00,147.95,149.4,145.37,147.59,58162242.27,392635,TQBR
WUSH,2024-12-10 00:00:00,147.3,148.3,142.31,142.59,51542695.86,356593,TQBR
WUSH,2024-12-11 00:00:00,142.83,143.65,141.2,142.6,32872768.12,230975,TQBR
WUSH,2024-12-12 00:00:00,142.4,143.09,135.99,136.29,104341758.78,754803,TQBR
WUSH,2024-12-13 00:00:00,136.42,137.28,132.72,133.25,87592262.42,653933,TQBR
WUSH,2024-12-16 00:00:00,133.2,133.7,127.28,128.79,107087154.31,827294,TQBR
WUSH,2024-12-17 00:00:00,128.79,131.83,127.86,128.96,74041416.47,571062,TQBR
WUSH,2024-12-18 00:00:00,129.47,132.0,128.01,131.15,59269122.54,456316,TQBR
WUSH,2024-12-19 00:00:00,131.8,133.5,129.12,132.27,69034829.78,524290,TQBR
WUSH,2024-12-20 00:00:00,132.0,155.0,131.14,152.14,593116011.98,3998182,TQBR
WUSH,2024-12-23 00:00:00,157.0,165.89,153.45,155.7,304438120.03,1916418,TQBR
WUSH,2024-12-24 00:00:00,155.7,156.47,150.53,153.35,109333311.05,712375,TQBR
WUSH,2024-12-25 00:00:00,152.37,164.24,148.56,160.86,225616303.69,1442260,TQBR
WUSH,2024-12-26 00:00:00,160.82,162.99,157.0,159.81,288117618.43,1796839,TQBR
WUSH,2024-12-27 00:00:00,160.57,181.82,160.46,177.43,1159646612.17,6747879,TQBR
WUSH,2024-12-28 00:00:00,177.61,185.8,171.52,174.7,1391507276.01,7829070,TQBR
WUSH,2024-12-30 00:00:00,178.35,178.37,172.72,173.74,292168788.84,1654538,TQBR
WUSH,2025-01-03 00:00:00,176.0,178.0,173.73,175.46,167473336.26,951442,TQBR
WUSH,2025-01-06 00:00:00,174.71,175.13,167.86,171.65,199439531.32,1168746,TQBR
WUSH,2025-01-08 00:00:00,171.65,176.9,167.31,173.41,243888779.15,1418499,TQBR
WUSH,2025-01-09 00:00:00,174.01,176.0,167.0,172.0,339211693.81,1972692,TQBR
WUSH,2025-01-10 00:00:00,172.6,178.99,171.31,176.21,469880283.86,2672427,TQBR
WUSH,2025-01-13 00:00:00,178.25,179.47,172.01,173.75,338055964.8,1922419,TQBR
WUSH,2025-01-14 00:00:00,175.15,177.0,172.42,174.06,181403350.0,1036647,TQBR
WUSH,2025-01-15 00:00:00,173.73,176.83,172.51,176.16,172473943.45,985396,TQBR
WUSH,2025-01-16 00:00:00,177.0,182.1,175.69,178.7,593489310.71,3303767,TQBR
WUSH,2025-01-17 00:00:00,180.48,185.8,179.04,183.32,999647157.09,5445675,TQBR
WUSH,2025-01-20 00:00:00,186.36,193.0,179.14,182.04,464834468.66,2512756,TQBR
WUSH,2025-01-21 00:00:00,181.58,183.7,177.27,182.67,300036538.52,1667989,TQBR
WUSH,2025-01-22 00:00:00,182.62,183.58,178.51,179.23,177094618.11,978152,TQBR
WUSH,2025-01-23 00:00:00,179.24,181.9,178.02,180.88,130793614.01,725894,TQBR
WUSH,2025-01-24 00:00:00,181.0,187.51,180.61,183.94,357864887.21,1936345,TQBR
WUSH,2025-01-27 00:00:00,185.02,186.0,180.51,182.0,176776459.23,961754,TQBR
WUSH,2025-01-28 00:00:00,184.0,189.4,182.47,188.49,542802471.27,2913793,TQBR
WUSH,2025-01-29 00:00:00,189.0,196.62,188.0,191.75,867797017.13,4514707,TQBR
WUSH,2025-01-30 00:00:00,193.4,196.6,190.0,191.89,379260366.85,1968547,TQBR
WUSH,2025-01-31 00:00:00,193.15,193.85,188.01,188.28,251827707.39,1320961,TQBR
WUSH,2025-02-03 00:00:00,188.11,191.5,188.1,189.06,160976264.44,849493,TQBR
WUSH,2025-02-04 00:00:00,190.0,190.71,183.56,185.83,165014184.74,879417,TQBR
WUSH,2025-02-05 00:00:00,184.92,191.0,181.51,189.4,238625646.81,1280711,TQBR
WUSH,2025-02-06 00:00:00,190.11,191.8,187.19,189.36,131756441.86,694756,TQBR
WUSH,2025-02-07 00:00:00,190.0,190.7,186.0,187.99,125155280.0,666059,TQBR
WUSH,2025-02-10 00:00:00,189.07,190.98,185.0,185.65,212957263.9,1131103,TQBR
WUSH,2025-02-11 00:00:00,187.0,189.12,185.03,188.04,140175497.66,747321,TQBR
WUSH,2025-02-12 00:00:00,189.01,196.0,185.4,194.63,665242611.83,3496771,TQBR
WUSH,2025-02-13 00:00:00,196.7,197.0,189.8,191.1,230835907.33,1202048,TQBR
WUSH,2025-02-14 00:00:00,192.5,200.36,171.44,187.17,1253946754.23,6502947,TQBR
WUSH,2025-02-17 00:00:00,191.85,200.0,189.34,199.56,1252780450.19,6403665,TQBR
WUSH,2025-02-18 00:00:00,196.01,197.98,191.57,192.99,440239486.19,2262397,TQBR
WUSH,2025-02-19 00:00:00,193.99,196.55,192.0,195.37,352703434.99,1815209,TQBR
WUSH,2025-02-20 00:00:00,195.33,196.5,193.5,194.78,276141041.6,1417274,TQBR
WUSH,2025-02-21 00:00:00,195.39,197.0,194.11,195.5,353765625.44,1809495,TQBR
WUSH,2025-02-24 00:00:00,198.0,222.41,198.0,217.58,4612076711.86,21749309,TQBR
WUSH,2025-02-25 00:00:00,220.2,226.4,212.14,224.3,1589704145.39,7252378,TQBR
WUSH,2025-02-26 00:00:00,224.8,231.71,216.01,217.79,1756231783.2,7842991,TQBR
WUSH,2025-02-27 00:00:00,219.49,219.88,200.4,202.5,1337909183.77,6368914,TQBR
WUSH,2025-02-28 00:00:00,204.0,219.75,202.51,215.58,3102307716.78,14537898,TQBR
WUSH,2025-03-03 00:00:00,215.58,224.93,212.15,220.52,2618871570.619999,11818506,TQBR
WUSH,2025-03-04 00:00:00,224.36,226.19,220.51,222.4,923892067.5699998,4134199,TQBR
WUSH,2025-03-05 00:00:00,223.1,233.5,221.75,228.4,3061799643.190001,13353077,TQBR
WUSH,2025-03-06 00:00:00,232.9,238.92,231.81,237.26,2575376950.5199947,10923419,TQBR
WUSH,2025-03-07 00:00:00,240.5,242.86,222.0,235.13,2342874884.740005,9954604,TQBR
WUSH,2025-03-10 00:00:00,239.55,241.31,234.14,236.46,857243689.25,3609693,TQBR
WUSH,2025-03-11 00:00:00,234.3,236.6,226.0,229.38,1469328000.3000011,6357896,TQBR
WUSH,2025-03-12 00:00:00,228.3,228.3,217.71,222.03,1461077053.269998,6557452,TQBR
WUSH,2025-03-13 00:00:00,220.72,228.0,218.51,225.28,1352195609.2299986,6017184,TQBR
WUSH,2025-03-14 00:00:00,225.2,229.39,224.46,226.3,782358470.6199995,3443902,TQBR
WUSH,2025-03-17 00:00:00,233.22,235.0,228.82,230.68,861186346.5299997,3723283,TQBR
WUSH,2025-03-18 00:00:00,230.75,232.29,226.01,227.15,1044266665.5499984,4550894,TQBR
WUSH,2025-03-19 00:00:00,228.74,237.7,226.1,235.54,2029631130.28,8676639,TQBR
WUSH,2025-03-20 00:00:00,236.89,237.7,231.62,232.81,506001554.3200007,2160884,TQBR
WUSH,2025-03-21 00:00:00,232.8,233.94,226.31,227.88,733587192.8299998,3191865,TQBR
WUSH,2025-03-24 00:00:00,226.0,230.88,222.39,224.75,712756405.7,3148284,TQBR
WUSH,2025-03-25 00:00:00,225.55,226.61,211.5,223.9,1504991052.3300006,6906678,TQBR
WUSH,2025-03-26 00:00:00,224.06,226.29,215.3,216.61,642084471.3199992,2930057,TQBR
WUSH,2025-03-27 00:00:00,217.0,217.09,203.31,204.68,853935463.9799999,4055117,TQBR
WUSH,2025-03-28 00:00:00,204.68,206.49,191.3,193.25,1846467529.060001,9266466,TQBR
WUSH,2025-03-29 00:00:00,194.97,194.97,194.97,194.97,14162230.860000009,72638,TQBR
WUSH,2025-03-30 00:00:00,194.97,194.97,194.97,194.97,5814395.340000006,29822,TQBR
WUSH,2025-03-31 00:00:00,190.9,212.61,187.2,210.1,2371628670.2700014,11516255,TQBR
WUSH,2025-04-01 00:00:00,211.0,217.21,200.09,202.34,1899222749.1500027,9029150,TQBR
WUSH,2025-04-02 00:00:00,202.4,207.2,201.16,206.46,810831931.2700003,3956157,TQBR
WUSH,2025-04-03 00:00:00,207.8,209.87,195.17,204.49,691819145.0899999,3411887,TQBR
WUSH,2025-04-04 00:00:00,206.0,206.01,186.71,188.78,884081711.1700001,4517600,TQBR
WUSH,2025-04-05 00:00:00,190.12,192.45,190.12,190.12,71314642.85000007,374434,TQBR
WUSH,2025-04-06,190.12,197.4,190.12,197.4,131196252.87000003,678278,TQBR
WUSH,2025-04-07,192.99,193.47,170.07,178.01,2300503624.26,12860765,TQBR
WUSH,2025-04-08,178.05,184.46,170.7,170.78,691962475.6500006,3855437,
WUSH,2025-04-09,171.7,182.71,157.0,182.71,,8417048,
WUSH,2025-04-10,182.71,187.5,177.24,180.5,,2907172,
WUSH,2025-04-11,179.15,184.0,178.88,182.65,,2757385,
